6417428721465223591487332938321284254443151533425567683625237482423323523215265251829988331453263337
4756755636675546447725225464776218667641675496636265397475543655865772246773677475555726715367277445
2232122222224321212222223124224221221223242222123221223522131512222222212212423231224132422222322122
1554324779695267854352454684125642694882494772474556562639547787253873249742236445754245574552446232
2212233243242231325224292422242264263262422224212142226222223921252222223224261212222332621222222223
4582245454435434334484244444784244454484434453433264434354323344495353434324743444593574544644944943
3434874344453364543494352445445634344443424244644334624434535323342455353653553154338443444544655524
4344434446334343443233444243333234333743334343334317134324333333436432643452434332233435338333333533
4599153974832553333633967378443376323828363336325259356635343894545582342367333527342543527365234293
1282323238222395633232221122323856322322532331262212431334233223123342173533213135223334334321642715
5554574554847549854396444565555465435475657455457795474295638454265953633948583555457564585554478452
4344445438827449444244448544495646443435234444443532344444443443442835443446443444443183434448744644
5534484444144443448415414543436433634745444553433444314446533454643744444444443454442424433444354443
5448273242122952722225257436552612581112453825224224324575552235542345325221482232283244351753562513
2443133435444534233666355342434434343368326341344253344241344443732564322423446342423434352364434745
2283333232534343422335242352433251441232443442344822744532333434643243343343543443626344143313624243
4531226216954155522622242212252236463424521212242262222215222712232226234221333132122242453422222221
5442645513124533442615141165256211222555366366521545143653611315645626356652234444253524552134131789
4232433333434453424322364432433323323433328343334243241334433336154223332443243333334324543443244533
2123321432522341323125321222124232337312222112233222222222231222222632222221213212322622311122351212
3141323474332233333363323453333452422234333322339444343373973232492334233573323852324513333414343433
4121121221211222222322232224222232511122132222113222222222112142221223222126232222222232282223222122
4446433546473364645546343257255344263343575733424223343621224443422434334232443496444543466456597344
2752232225423212863414334442625327424743643293524432143542274491117226718213232722531433222229242652
2528252211222622443222243143121222234325222323323325239212112144532552382224643221113222231322422222
6413974533772334137296462238728433334473372274762333773783737333496333369766822367237373376562336631
2362121222212233223111223222222122232421212421532223225122132622342221122222212312121232222232224122
3322222122122222133221123212214422222122441212222332221122323222313322222321322222222216123233212222
3222132252233522225432222251212435572233232433232231242522225252292332223252132224332432625452122256
4318522614854529242255752267442963573624252325551125565335623259462246773633385121542632455452235272
3565555453854366159663165638645386522956956657755676142636567352656442536595664445464331498631654565
2121312122222122123222232222322323212212222332232112142122223211132222231122222232222331232212222222
3332233323323233323233332223321232333313353423132232223222231332313333132133132314313122242322337231
2322223332322222323212523222124213223183322222212222243323324221312352212211332232231422325232222232
5243445442553314445845444425525543422546434272524444453512153544333442232444345452142535255535332541
1452621422232524433344234223422422233244124575232132323224344233222123433342134534241622443234334422
2333333245322121311322331314232413211232333335112132413233322324333333232323222332322244433243222322
3332255334332533132222233221433523335223322433124352332335333344352343248232333212332332342524522331
7667865555674458447464345453484655487567655566657455677567654578245374355747986535655363775463755343
2323322362222312211223341222332322332243233323212233222234222223222223221423213121333223424332212233
2245432323223334143344231133231314224342253322334323243322222533342222222412224323223332241222424242
3425132253321335313232441153562263632251523723427416223423234336253235352332332232323425333343223323
5434545453313653555284534465525363555535336364513434534434633423442355355538545485253334655556755863
2243222123222323322222421322232343222442132232523222312223213312232313283224212212432222222362222222
3352212822251462552325824322453227553276422224225452325322332633212233133222524123235223233223623423
2222221222222224212222225222222222222131122221113233222242222222221221112422122222212222422222432112
2538336344334543644565332534643243533343333344153362435744253454576443464553424433435625373333643443
2332323223233232322232442232343232322222312121432312222323233341222121213221223222321212232231322443
3431349283667272222543558334132443726532374252365434234323233465114292222523212243237334682261275352
4334383423522564652224422752627252562235573322563344427542213433553334353215556554733723655325355332
7433424424552444438442596765543465522246132222554436856422422352463122544326556145345633465214214542
2222113231214522122152212223251222222512132222222334223322321243222245322232231232312123222122232254
2472334263333344525734354322444133124533772624323325435433454345311326333233531334683325332523243353
4463712232462122323212336332371222432131223122222232133124326222133235333423212224222127321222233232
3223231352243534337333233122362333343433333333332334353243333383435333341424235327142352323312532343
3523254333344533545234435354544433345543433213545453625543425444356254844422654242353541431425424493
2222123212223322223122222312222223122222232322122322222222222232222213213232222222222112212222221222
2122224222315221343422225252423233453444242255332323232243522352513412325132612543142242241242223345
2223573253232242222234332222323332322222224242222721432212221214253232322313224521322133323112222224
1252222236443428311232224221222232362333223592232331932262222232222233232222232221242211245327133222
2113431622524384232425423423337431256162433324233262333128242224322524442322232242252523632242142726
7673936283953388524554563387435534445745549346323945858345542445567434955555547424688364454544354535
2373154416646135645443656565433385465363366453555367564433354646693965566376257464356644836744554454
2322223233223422222221221222212222222233223221842122222222222222122332452221225222231222222222222222
3421132232212222122222121121122331222152212322322222222223222221222322122132432221221513222223132122
2334242432439133433325433433223333832332334422314441243234241353346214253247324312243243424744323424
2271238245832222123222168548116613222423222252122233127623321922226123322124212423322113221523149244
2222547872237596567472795286195222226546422823322226967233475512162521222218332223192314683662512922
7457748453554453563757945657722574335332424574475552625364212672445234773737736795437635154859523631
2543233234463433241222333247133523324322234524265544242235352122355123222332221223323233523323344334
2212231421323215323144222322312422122242241242112323232382232322422422222323111133312532222422222222
1227331322432341723332222125433333623122123331332233433221434636422233333143233823234234222333113244
6455853436744734334466453234323544553342475467444667637462545352446448442342461554562333645545364673
2523225234124212435422725645267242335372343243435531372334673355754234562155426456444733633124237625
1233418237527632923265631226372153649232837223333332326232329232314136274163537342262745122222333214
2222222422223222222222232122222221322222222222223221212323222222222332123222222222241222222211121212
3123353323332332212422222332232323432534413512223332122222833322221137622322322322324323322353332323
4378247283251254685378368828587124348442872962447346824257472518832865843355956447663723646138265472
2112123222222221312222212233132223222231111222222121212212222222221323221211123222221222222222122122
1382222326211222231422331311228223246414221462554224223513232122517322482214222222324521122212324342
9534843693444454246494445555355356431443764679321539792985329853535544543485432765349644932522494345
3122325723222222223122232123252122122111212322232222222411214382111132223322422222251223252213222222
2856567587777847466365666867666797695688568897866865766967679984485795588766655676886897579876886855
2222422526422521344224121222222221221223532224221222111422121225243222212422224266422262432432622424
2122222222222222222332333211222624222211242722222221122252332242222613222223231424231221621322242241
3232313332322323322273337322234432222241322322132233846232233323225343343432224312321623526331623433
2212122652221422222224262116241222222222621321231221842226222222222422222322232122223212532232322524
2222221222422231322242322122722362436522432522232522457213515244224412442222227321223125272241121112
6393172213352413432362353466252329261648321837255725548237232524725211182318285834832614855371323723
3232324334247312335421243363333343332436254332132332223273333243443232535354463134262533241345312442
5657393226281645591742575497578456747781567465654595598251556542247633745239737253473586734583476278
3434558544323445244343245353443447445454643444354454264595524555424544483545425325545434354482435534
3522463274626342425273633322242463225272522233717275443424534235225436439312424224633423421233459234
6722243537447761766364351167252563564116344334275625471521355663743163355247347217756465556327515789
4226665446636659434542652775462449233316274456374439495954754452267448354777675523526537248455644934
1223623265212422121222222182222222322275112212422523512222322234111122212565388222231222221321222222
5394574593328465855553865374794255555525897242715469346477661459865244436356664814839621555956552436
5122222122222133225223221225224223222121222212122222212122521421223223323222221522211222222112222222
3513243342342444641523324444522243442324353322333452253252512442524521414322274343453322325234625445
4222222214222242231543222312122222452223121222225333122242511223222334134222253842154332312221222232
3223114122333512385255212223313346232731623245245213374142132641245421224543324529436532322324273548
7575577463686464565574546965649764787447644545555537845337445385554755556666264625743866464875535775
7846455867457577664537759666476674636589675945556683374646483745369688374635624985444557534983248545
5836973975535895534764744747363454863727736343975785963358933463637436773673837546834735366955434684
3133133334323233233332222334332133323325332363334233232222322323322423233332332132343323333323232133
3222322243332422213113212133212124122242212222333332134213223622421232223232214322312215222215333345
3337344432222443325259123424444542538252233224731133327442333222332341338333233444352224542233332642
5743144245545365735537542343552442833453242133452426325922432232253225334265222324552744643251633633
1332222222231322112222413242322133315222331522223213212223412222246274222222222222123432127323135222
2252222222222222222212321222222122222222222121222722224322233222332422221232222252222321125222122142
3214224244221332312224242212223242522242222324114122331231222212222212242223213222321214122222314132
5762745533837857755665567745937562848634776964857453674865357755472566649584545664553663765768578967
3322343322233133333343224312333323452134213232422222333215236333233231333324222332223341234233132534
3345233362543335253423366353243233651534353222531231423653235334332412327442512444233532363452553323
4134233354131421533522462462635227235522443425231223353533248333335122835422222325242272441222341332
6367777465426373174364374942534854572637264776545456664537474745275743471428424484665466461157373636
3536224631353583315353325252653266152365525833244353536454544433637663333124935334635539233533433494
1214571124222723237222272222427325212641221248235597585727434422718346174322426262221222128232224723
2542224325222236315222225444223222331224212224221341425426122323225471222352222227313336121522132516
3333413121422133323213231233333224231233333223243333233333333333212331432222322242222111222115332323
1233334132222335446343533233232335232233362331353323343236123231264131232533123321713633235333253434
3431253325132352313352511542542234342155515243221155432255422222431112333413244532414511213451126789
4454333343341375232246233633334414432433232421344264734363233431353213644246313636333334723363534745
5465233653524435745425314331361675442453742564332465855545443643443323325434433773853653725543454444
3221331423223592125353232321622314332335132132112371243113133537353932522532553232222732335473162322
2243313312362222252224222221222328242222222211422222324227222131222422222234221122222612222422562222
2231243233134242121324342332712535432222215327322322232221231222222721342323232222542111532232232321
3424263244724243224244444252445441334444324223412444322124433444452233432142433723242225434446242345
5587554768646868674656736464366586776566466865666223587216564596737535543745665578466638746888667655
2723573136242223844344844714446725235243824422429432239253443337342242432416122254175312335694322423
3221226872223253222252424296239222222321134234222422262212232422223321223112224142212172221912312224
4327222364327247423443332413244424322313321523222452342423265452615454353426426234422232423223633443
1521952522334433225344223442354344143462224353423315215533552334424122544543832352642243532253632327
2822222422222264221122564121242136222222125612542242551212412123222652312241723133312132221222242122
4453432433443224344344333423133545544444342342444453354422234344235234444343443342323424453343334333
3342442312423322214432322223424222211213832444234434234243322614457444463427224344322423324134232422
1421311343432322223344322113762332422322222222245242371332243124233233342222372324332222414462145322
5452244645665456553595745565655644465745644465477434484136456464568334355444556373555457434635548476
3322223232333343243343333233233223333233233342234333233333423333334331343131233333323332233233333233
3213322112333321431222342322322134222121232222343323223423223223236422222222332423321423432332322334
1344444432434445412234446243342454456372244442249444334444424263483264442562443352645344644443434433
3235242622421342212221325314337222222363223319632132431243323232239335523322442342222141224313223242
3332232343343335343423573233214133333232633443123434333343333333232432331322364324333433254334333335
3423333633313333333232321342322343354332323334232233333633332163333333231355333331223213214343333223
5212241633122529231222123212222217483182422322122153223323223335213522523222223235812611352135925212
2253145532255342713224251128225224326222342313223353243232511242223412252493312322224323221223325422
8546854334736554447244435854645243683358882847314674838846531849734546284587374354553464853489341533
2122322212251329323345321122192522328422322125292222221221221213242335249222112122133422363211221223
2242243223214221253236222222233236222322122323522232333342343213323322234222223132232312132212222321
3252446443346364546542433144434325246325544343353335332343344555233453445544314343144523431342423221
3224124234222322232434233324222323322143612122436423222324121233254223542424411212442222232122142122
3632251412396333133634532423833531373752753962234354713373443532333813353326352323363323421747341346
3222332221222312521323132422223132222221232112422232322123222223321213223222322212212232232222233123
2242312622222222212122522312265246281212775652246242211252122151562233122212122222222221261234223225
2332223132323133422232223223213332223212233243311123222222252124132332223522222442213322123332321212
2926332323221322226133131334313226221412232214222553525363221132232123322211234525512241222582223433
3221362423243443864552323123343221212421334124643424423245243333112222422532219324323254422122322441
4222322422242222222222331232124212221221132212212222221232312222252322222323112222222224341222232223
5241432245222563531433452141423223423342234343232332424235233242223343523244224232324536231243522332
2223222122222222112321123214122211122122222122223222122222222222223222222222232122222212222212222232
1524234142454224235321522232232352326212455332326345263213534325223143311321343241224562253335332512
1423222212222327324261342223223222352423443452222223253423133113241542221322122324322223333234223312
5634548125434327412233543533354432457124335443513453254455335235251523321626234524653425231136222334
5363321526532352442534254525344144452434244342332241241225442244334132645624343223341455465433422534
3694345243633333333626343324337333333456333332333335393344424133212525632338883623732333423453332333
1224214132222112225212233223421242222232622222221222112363221211222225211222413222221434222221222222
3433322233323333323343123333354322433332412433433321232332235433233322233322433134324233322433333433
3333913445336123232323324475332232342232633431223242942333313133423364523313332223122431344222324335
2222123322212121114124222222111422243122421222122213222222222222121222221921322322221413223412214242
4334222424323343366536344255332324234853633383655646633259343243423242322442254614172326366547222886
5224835432635386538384525434234443245242232324516843223333344345434274243525337145424264394866594439
3554456327667666655637966554655568545626666564665643663666251456555636655347162665646665423325564323
7463653582835673565834686573548756347536576675435763448975784773788386457736743576264474815875626367
5323332343333111223232622243324321242252122425413333122452233431343213323224524474414123362648222232
8885543316132748165311218682365448876656233413321767567675666311434653165144243216318771768327357779
5862262432444634123462542432142571315363241325214243464122542944134723346724173724315243422483229277
2242232221223414213322242322221212232113132322221232332322213213122211225222223224542236231251113221
1225322122212413122221242423722532233822832222143822212213234233264422245742222233222322122185223232
3242342624623435352334433333132446542342435443433732444331322244436443335443233336345153434533253245
3322532232723323432222222112122222322923323222232222233233222322222223323222722132123113222232222223
4352512322322334222314212223532234251312222122132123227371132444222122122352422775422212132221222334
2222211221323222212222223211235322213412521221232212223223223212222142212322221111532226332313222122
4339353363331254563434143223333633234333336334323346462323373333344533333532633331333242234332254433
2222822124222122228722212216232221923228232321231225123272142229142122222232224262722326221252222512
4354332422323233323252332322252213212333122143122253455343335251241125312235333231238623234132232525
3123566724345546645635245565455435574563934556555647466353564665756636623956553774547356773555645553
4733124434443244273924241214332223124423933343823233813532422462354243362443324324441344333223423343
3333334213336252332423733763353625252333665322631332466333323653345422356743342433663334321753333534
3134443412213112134423221134412413342123312224231214434122341212114322431214114311243124411223256789
3132433221221552113325534233134426124545223342122513324423155554313225552252324335521322322223434145
5347437478556426965755566676934866469857687287953758664877637682474586854358157882583774355784287737
4434534544444443424444514554434454745424577243525555434445553344442335444454533454524345544444433427
5632235262256367574546436132566226242534522735262575256252667147682642646512343122368255535222622746
4224392362323534373324332327332333336312333367613238862233324438333242432346337433633323435737285643
3524343324334333323735443366542364453633437526345553495534367833342539313263239639436324663454387325
4545556313454333334643332373337775377437437733433384348393333334453423724854563145344533143334434532
3733435443349565654873255335455334453543336655344355533331423554545534422473533533748355336945439467
4233515448533644632372333337363223245265372587932333753763555242453432633343233534354323363357751326
3514167343224442344553638244342343362455352344333224355254346533434331343434444512421641433444354145
1212412254622243572522241521423524243222543225148122422252262315213223325221224511522533542114245112
