[##.##] (0,2,3) (0,1,4) (0,2) (1,3,4) (1) (2) (1,2,4) {34,18,43,15,16}
[..#.] (1,2) (0,3) (0,2,3) (0,2) (1,2,3) {40,20,48,29}
[.#...#..] (1,3,5,6,7) (1,3,4,5,6) (1,5) (1,7) (0,1,2,5,6,7) (0,5) (0,1,2,3,4,7) (1,3,4,5,6,7) {13,38,11,7,7,20,18,31}
[##..#..#.#] (1,2,3,4,5,6,7,8) (2,3,5) (0,2,3,6) (1,2,4,5,6,7) (1,4,5,6,7,9) (0,1,2,3,5,6,8,9) (0,1,5,6,8,9) (1,3,4,5,6,7,9) {27,68,40,51,42,73,69,42,40,50}
[.##.#####.] (0,1,2,3,5,7,8,9) (0,1,6) (0,1,2,3,4,5,6,7,8) (1,2,4,5,6,7,8) (0,9) (0,1,3,4,6,7,8) (2,3,4,7,8) (5) (0,1,2,5,6,7,8) (0,4) (0,2,8) {189,59,57,24,170,39,55,57,66,9}
[###.] (0,1) (0,1,2,3) (2) {32,32,30,12}
[..#.#..] (0,1,3,5,6) (1) (2,4) (0,1,5,6) (2,5,6) (0,2,3,4,5,6) (0,3,4,5,6) {19,34,29,6,15,33,33}
[.###] (1,2,3) (0,2) {13,10,23,10}
[#.####.] (0,1,4,6) (1,3,5) (0,1,2,4,6) (0,1,3,4,5,6) (0,1,2,3,4,6) (2,3,4,6) (0,1,6) {55,55,31,29,54,18,57}
[...#..#] (4,6) (0,1,2,3,6) (1,2,3,4) (1,2,5) (2,4,5) (0,2,3,6) (0,3,4,6) {38,23,39,47,26,5,40}
[.##....#.] (3,4,5,6,7) (1,3,4,5,6,8) (0,1,2,3,4,6,8) (1,2,7) (2,3,4,6,8) (2,5,6,7,8) (0,2,4,5,6,8) (1,2,3,5,6,7,8) {35,149,194,51,68,54,85,164,67}
[...####.#.] (0,3,4,6) (0,1,3,5,7,8) (2,3,7) (0,1,2,6,7,8,9) (0,6,9) (0,3,4,5,7,8) (1) (3,8,9) (6,9) (4,5,6,7,8,9) (1,2,3,5,6,7,8,9) (0,4,5,6,8) {76,63,42,74,41,53,91,81,69,72}
[..#...##.] (2) (1,3) (6,7) (0,1,3,7) (0,4,5,6,7) (0,2,6,8) (0,4) (0,1,2,4,5,7) {245,41,44,33,209,10,22,28,19}
[..##] (0,2,3) (0,2) (2,3) (1,3) (0,1) {170,33,156,32}
[##.#####..] (1,9) (0,3,7,8,9) (5,8,9) (0,1,3,7,9) (0,3,4,5) (2,3,5) (0,3,4,8) (2,3,4,5,6,7,8,9) (2,6) (0,1,2,3,6,8,9) {55,28,32,72,32,43,27,34,73,75}
[..####] (1,3) (1,4,5) (0,2,3,4) (0,2,3,5) (2,3,4,5) {26,127,27,45,130,116}
[###..] (3,4) (1,2,3) (0,1,2) (0,1,2,3) (1,2,3,4) {21,48,48,56,31}
[##..##.] (3,4,5) (0,1,2,3,5) (0,1,3) (4,5) (0,1,5,6) (0,2) {36,34,18,39,23,46,7}
[....#] (0,1,2) (1,4) (2,3) (1) (1,2,3) (0,2,3,4) {16,15,43,41,15}
[##.###..] (1,6,7) (0,3,4,6) (0,1,2,6) (1,2) (0,3) (1,3,4,7) (0,1,4,5,6,7) (0,1,3,4,6) (5,7) {38,190,12,159,165,14,48,164}
[.##.##] (0,1,2,5) (0,1,3,4) (0,1,3,4,5) (1,2,3,5) (1,3,4,5) (0,2) (0,2,3) (1,2,4) {51,73,60,48,35,58}
[.#..#] (0,1,3) (1,2) (0,4) (0) (0,1) (1,4) (2,4) {55,49,27,13,41}
[####...##.] (1,4,6,7,8) (0,1,2,3,6,7,8,9) (1,3,4,8) (3,5,7,9) (0,1,2,4,5,7,8,9) (0,1,2,4,8,9) (0,1,2,3,4,5,7,9) (4,6) (8) {33,63,33,28,77,28,32,44,60,37}
[##.#.###.] (1,6,8) (1,5,6) (4,6) (1,2,3,5,6,8) (0,1,3,4,5,7,8) (1,6) (0,2,3,4,6,7,8) {19,55,28,39,25,50,58,19,41}
[#...#.###] (0,1,2,5,8) (0,1,5,7,8) (1,2,3,6,8) (0,1,3,5,7,8) (0,1,5,6,7,8) (1,2,3,4,5,7) (2,3,4) {43,82,62,67,36,62,31,56,63}
[......#.] (1,4,5,7) (0,1,2,3,4) (1,4,6,7) (0,2,7) (1,2,3,4,5,6,7) (1,4,5) (3,7) (5) (0,1,2,3,4,5) {114,40,128,38,40,55,16,148}
[#..###..] (0,1,3,5,7) (0,1,3,5,6,7) (1,2,3,5,7) (0,1,4) (6,7) (7) (0,1,2,6,7) (0,1,2,3,5,7) (1,2,3,5,6,7) (0,3,4,7) {70,88,48,79,33,62,43,97}
[#.#..#] (0,1,3,5) (1,4,5) (0,2,3,4,5) (1,3,4) (0,2,4,5) (0,1,3,4) (1,5) {34,41,19,38,42,48}
[##.#...] (1,2,3,4,5,6) (0,2,3,4) (2,6) (0,1,2,4,6) (1,2,3,6) (3,5,6) (0,1,4) (2,4,6) {21,33,46,20,41,13,54}
[.....#] (0,3,5) (0,4) (0,2,3,4,5) (0,1,2,5) (1,3) (1,3,5) (0,1,3,4) {18,222,3,225,18,200}
[##.#] (0,2) (0,3) (1,2) (0,1,2) (0,1) {43,20,22,18}
[.####..#] (0,1,2,4,5,6) (2,3,5) (6,7) (1,2,4,5,6) (2,4,5) (3,5) (1,2,6) (1,3,4,5,7) (2) (2,3,6,7) {8,30,78,49,26,50,64,44}
[##..##.##.] (2,4,6,8,9) (9) (0,2,3,4,5,6,8,9) (1,2,3,7,8,9) (0,1,2,3,5,6,8) (2,3,6,8,9) (0,1,2,3,6,7) (1) (3,4) (1,3,4,5,8) (0,6,7,8,9) (1,2,4,5,6,7,9) (0,1,2,4,5,7,9) {31,71,77,70,69,57,74,30,74,68}
[..#..#.###] (0,2,3,4,6,7,9) (2,3,5) (0,1,2,3,4,5,6,8) (0,3,4,5,9) (0,1,2,3,4,5,6,8,9) (0,4,5,6,7) (0,2,5,6,7,9) (2,5,8) (0,2,5,6) {169,113,171,149,153,175,162,40,126,43}
[####..#.#] (3,8) (0,2,3,4,5,6,7,8) (1,2,4,7) (0,5,8) (1,3,5,7) (1,2,7,8) (6,7) (0,1,2,4,5,6,8) {22,39,35,27,34,29,25,30,40}
[##.#..##] (5) (2,4,5,6,7) (0,1,4,6,7) (1,2,3) (1,2,3,5,7) (3,7) (0,4,5) (0,2,3,4,5,7) (0,2,3,4,6,7) {29,25,57,53,49,60,34,59}
[#...#..##.] (0,1,4,6,7) (0,3,5,6,7,8,9) (2,3) (0,2,6) (1,3,4,9) (1,2,3,4,6,9) (0,1,3,4,5,6,7,9) (1,3,5,8) (0,1,2,3,4,6,8,9) {24,43,30,57,32,22,37,16,23,37}
[..##.] (1,4) (2,3) (0,3) {0,12,1,1,12}
[#.#..] (2,4) (1,2,3,4) (1,4) (0,2,3) (1,2,3) (0,4) (0,1,3) {135,176,33,162,35}
[..###..##] (0,1,5) (3,4,5,6,7) (2,4,8) (0,1,2,3,4,6,7,8) (0,2,4,6,7,8) (1,2,6) (0,2,4,5,7,8) (0,1,5,6,7,8) (0,1,3,5,6,7,8) {165,18,178,22,192,45,169,176,175}
[####] (0,1,2) (0,1,3) (1) (2,3) (0,3) (1,3) {20,24,30,19}
[#........] (0,2,3,5,7) (2,3,4,5,6,8) (0,1,2,7) (3,7) (0,2,4,6,8) (0,1,2,5,8) (1,3,7) (1,2,4,6,7,8) (1,2,3,4,6,7) (0,1,4,5,7,8) {40,65,89,54,67,51,61,60,64}
[..#.#####.] (1,3,4,5,6,7) (1,2,4,5,6,8,9) (1,3,5,7,9) (1,2,4,9) (0,1,3,9) (1,3,4,6,9) (0,1,4,5,6,7,8,9) (5,9) (0,1,3,4,6) (1,5,8) (0,1,2,4,5,6) {33,91,22,51,56,69,50,41,31,80}
[####] (0,1,2,3) (0,2,3) {194,9,194,194}
[#.####.##.] (0,7,9) (4,7) (3) (0,4,7,9) (0,3,7) (1,3,4,6) (0,1,2,4,6,7,8,9) (0,3,5,7,8) (0,1,3,4,5,6,7,9) (1,2,3,6,8,9) (0,1,2,7) (1,3,7) (0,1,2,5,6,8) {63,80,35,72,47,25,47,85,22,39}
[###.] (1,2) (0,1) (0,1,2) (2,3) {20,40,27,4}
[.#.#..] (0,1,3,4,5) (1,3,5) (0,5) (0,1,3,4) (1,2,4) {23,10,0,10,10,16}
[.##.#..] (1,2,4) (0,2,3,5,6) (0,1,3,4,5) (1,6) (3,5,6) (0,2,3,4,5) (2,6) (1,3,4,5,6) {42,54,56,62,61,62,50}
[#.#.] (1,3) (0,2,3) (0,3) (2,3) {6,182,11,198}
[..##...#] (0,1,2,5,6,7) (3,5) (0,1,2,3,4,5,7) (3,7) (1,2,4,5,6,7) (2,3,4,6,7) (1,3) {38,47,58,82,40,60,38,75}
[##..##] (0,1,4,5) (0,2) (0,5) (0,1,2,5) (1,4,5) (2,3) {150,127,52,20,112,136}
[.#..] (0,1) (2) (1,3) (0,2) (2,3) (0,1,2) {22,15,33,22}
[.##.] (1,3) (1,2) (0,1,2,3) {8,37,18,27}
[#####...#.] (3,5,6,7) (0,3,4,5,6,8,9) (1,3,8) (0,2,3,4,5,6,7,8,9) (0,1,3,4,5,6,8) (1,7) (0,1,2,4,5,7,9) (1,2,3,4,6,7,8,9) (1,2,4,5) (2,6,8) (0,1,2,3,4,5,7,9) (0,7) (1,3,5,8) {36,74,63,66,60,64,66,59,67,31}
[#######] (0,2,4,6) (1,3,4,5,6) (3,4) (0,1,6) (0,2) (0,2,4,5,6) (0,3,5,6) {66,33,39,24,44,35,67}
[#..####] (1,2,4,6) (0,1,3) (1,5) (0,1,3,4) (2,5) (0,1,3,4,6) {26,43,12,26,15,29,12}
[#...##.###] (1,2,4,5,6,8) (1,2,3,7,8,9) (2,4,5,6,7,8) (2,5) (0,1,2,5,6,8) (0,1,2,3,5,8,9) (0,3,4,6,7,9) (4,9) (0,1,4,5,6,7,8,9) (0,3,9) {60,53,51,36,58,63,69,43,65,53}
[#...#.###] (1,5,7,8) (6) (0,1,5,6,7,8) (1,3,4,5,7,8) (0,6) (0,4) (0,1,5) (2,3,4,6) (0,2,4,5,8) {40,26,32,18,38,46,43,21,41}
[#....#] (3) (2,3) (0,1,2,4,5) (1) (2) (1,2) (4,5) (0,2,4) {12,35,46,22,25,19}
[.#....] (0,1,3,4,5) (1,2) (0,2,3,5) (1,2,4,5) (0,3) {19,27,29,19,13,18}
[...###...] (0,1,4,5) (1,2,3,5,7) (1,5,7,8) (0,5,6,7) (1,5,6,7) (2,8) (0,1,4,5,6,7,8) {31,189,30,18,23,197,156,193,50}
[######....] (0,1,2,5,6,7,8) (1,3,5,8) (6,9) (1,2,5,7,8) (0,1,2,3,6,7,8,9) (0,2,9) (2,4,8) (1,2,6) (0,1,4,5,9) (0,1,3,5,7) (1,2,3,4,6,7,8,9) {199,231,91,188,41,192,57,194,61,52}
[....###] (1,2,3,4,5) (2,5,6) (0,1,3,5,6) (0,2,3,4,6) (0,1,2,3,5,6) (0,2,4) (0,1,4,5,6) {64,44,228,49,37,222,223}
[##...##] (0,2,3,4) (4,5,6) (0,3,4,6) (2,4,5) (0,2,3,4,5) (0,1,2,4,6) {31,7,24,24,43,18,26}
[.#...] (2) (0,3) (0,1,3) (4) (1,2,3) {10,16,118,20,4}
[##.##] (2,3) (1,3,4) (0,1,3,4) {10,22,14,36,22}
[#####...] (0,4) (1,3,4,6,7) (0,2,6,7) (5) (1,3,4,6) (0,1,2,3,4,5) (0,1,6) {51,58,27,42,50,21,49,20}
[#####...#] (0,2,5,7) (0,1,2,3,4,6,8) (0,5,6) (0,1,3,5,6,7) (0,2,3,4,5,6,8) (0,1) (0,8) (3,4,6,8) {70,24,32,51,39,41,60,12,56}
[####.] (0,1,2) (3,4) (2,3) (0,1,2,3) (2,4) (0,4) {174,12,33,45,179}
[...##.###.] (0,2,5,7,8,9) (1,5,6,7,8,9) (0,1,2,3,5,9) (1,2,3,6,8,9) (3,5,6) (1,2,3,5,6,7,8) (0,5,9) (2,3,4,6,7) (3,4,6) (1,4,5,7) (2,3) (6,8) {38,26,52,229,14,228,217,24,31,52}
[#..###] (0,4) (0,1,2,4,5) (1,2,4) (0,1,2,3,4) {153,171,171,20,172,132}
[.##..] (1,2) (2) (0,3,4) (0,1,3) (0,2,3,4) {37,29,34,37,25}
[.#..#] (1,2,3) (2,3) (0,2,3) (0,3,4) (0,3) (3,4) {31,14,37,63,24}
[#.#.##..] (2,3,4,6,7) (0,1,2,3,4,6) (0,1,2,3,5,6) (0,2,6,7) (2,5,7) (1,2,3,4,5,6,7) (1,2,3,4,5,7) {28,228,253,244,237,216,58,226}
[###.#] (0,2,3) (1,3) (0,2,3,4) (0,1,2) {35,129,35,154,10}
[....#.] (3,5) (0,2,3,4) (0,1,2,3) (4,5) (0,3,5) (2,3,4,5) (0,2) {55,11,61,70,41,53}
[#..#.##..#] (3,5,6,7,9) (2,4,5,7,8,9) (0,5,6,8) (0,1,2,3,7,8) (0,2,3,7,9) (1,2,3,9) (2,3,4,5,9) (0,2,5,6,8,9) (0,1,2,8,9) (1,2,3,5,7,8) (0,1,3,5,8,9) {258,241,261,238,11,80,43,210,271,82}
[..#######.] (0,1,2,3,4,5,6,7,8) (0,2,3,7,9) (2,3,4,5,9) (0,1,2,3,4,6,9) (0,1,2,7,8,9) (1,2,5,7) (0,7,8,9) (1,2,3,7) (8) {65,47,71,49,41,26,24,51,56,76}
[###.#..] (1,4,5) (0,1) (0,1,2,4,5) (2,6) (0,1,3) (0,1,2,3,6) (1,4) (3) {30,39,19,34,17,16,11}
[##....#.] (0,1,3,4,5,6,7) (0,1,3,4,6) (0,5) (0,1,6,7) (0,1,3,4,5,7) (0,1,2,4,6) (1,3,4,5,7) {66,57,2,40,42,48,37,46}
[....######] (4,6) (1,3,4,5,6,8,9) (1,2,3) (1,3,4,5,6,7) (0,1,3,5,8,9) (1,3,7) (4,7) (0,1,2,3,5,7,9) (1,2,3,4,5,6,7,8,9) (0,9) (0,1,2,3,5,6,8,9) (3,4,6,8,9) {39,83,51,94,158,61,161,45,53,69}
[.#.##] (0,2) (1,2) (0,1,2,3) (2,3,4) (1,3,4) (4) (2,4) {14,38,59,36,60}
[#.##] (1,2) (1) (2,3) (3) (0,3) (0,1) {12,20,29,135}
[####..] (1,2,3,4) (0) (2,5) (1,3) (1,2,4,5) (0,3) (2,4,5) (3,4,5) {14,2,37,16,32,49}
[.#......#] (1,5,6) (3,7) (0,2,7) (1,4,5,7,8) (0,1,4,5,6,7) (0,2,3,4,7,8) (1,2,7) (0,1,2,3,6,8) (0,2,3,5,7,8) (0,2,4,5,7) {78,77,74,37,58,74,47,98,51}
[##...] (1,2,3) (0,2,3) (0,1,4) (0,2,3,4) {30,23,25,25,19}
[.##.] (0,1) (3) (1,2) (2,3) (0,3) (0) {30,27,29,29}
[####.#.#.] (0,2,3,4,6) (3,7) (0,1,2,3,5,6) (0,1,2,3,5,7) (0,5) (0,2,4,6,8) (0,1,2,4,5,6,7,8) (2,3,4,6) (3,4) {36,24,51,54,38,27,43,34,14}
[#.#.#..###] (0,2,3,4,6,8) (1,2,4,5,6,9) (1,3,4,9) (0,3,4,5,6,7,8,9) (1,5,6,9) (5,7) (0,2,7,8) (3,4,5,6,8,9) {25,22,13,35,36,40,25,40,26,36}
[.##.##.] (0,1,2,4,5,6) (1,2,4) (0,1,4,5) (0,3,4) (0,1) (0,1,2,3,6) (0,3) (0,4,5) (1,2,3,4,6) {209,200,42,33,58,37,38}
[.####.] (0,1,2,3,4,5) (0,1,2,4,5) (0,2,5) (1,2,3,4) {40,43,49,29,43,40}
[#.#####] (0,1,6) (2,4) (0,1,2,5) (0,2,3,6) (2,4,6) {34,17,204,17,187,0,40}
[##.#.] (2,3) (0,1,3,4) (0,3,4) (1,4) {18,28,7,25,33}
[...#.##] (2,4,5,6) (0) (0,5) (1,2,4,5) (1,2,4,5,6) (4) (3,4) (0,2,3,4,5) (2,4,5) {45,33,77,25,87,87,24}
[####.] (2,4) (0,1,3) (0,1,3,4) {143,143,9,143,133}
[.##...] (0,1,2,4,5) (2,3,4,5) (0,1,2,3,4) (0,4,5) (1,4) (0,2) {40,29,44,21,41,22}
[.##.#] (0,2,3) (0,1,2,4) (0,1,3,4) {25,20,23,7,20}
[..#.] (1) (1,3) (1,2,3) (0,2,3) {3,168,16,20}
[##..####] (0,4,7) (2,4,6,7) (4,5) (0,1,3,5,7) (1,2,3,7) (0,2,3,4,5,6,7) (1,4,5) {29,9,150,17,174,28,149,163}
[...#......] (0,1,2,3,6,7,8,9) (0,6) (0,4,5,6,8,9) (4,7,8) (3,4,7) (0,2,3,4,5,6,8,9) (1,2,3,5) (0,3,4,6,9) (0,1,2,3,5,9) (2,6,7) (8,9) (2,3,7) {261,215,250,276,65,45,261,234,239,256}
[...###.] (1,6) (1,2,3,5) (0,2,4) (0,5,6) (4,6) (3,4) (1,3,4,5,6) (0,1,2,3,4) (0,1,2,4,5,6) {27,26,29,37,43,31,31}
[.#.##.#..] (0,1,2,6,7) (0,2,8) (1,5,7) (0,1,2,3,5,6,8) (0,8) (3,8) (1,2,3,4,5,8) (1,4,7) (0,2) {190,72,62,30,34,48,19,43,191}
[.####] (0,1,2) (1,2,3,4) (0,3,4) {27,9,9,22,22}
[###.] (0,1,2,3) (0,1,2) {10,10,10,1}
[##..#.#.] (1,2,4,5,6) (1,2,3,5,6,7) (0,2,5,7) (0,1,2,5,7) (2,4,6,7) (2,6,7) (0,3,4,5,7) (0,3,4,5,6,7) (0,2,6,7) {58,34,76,21,36,64,50,76}
[.#..#.] (0,4) (0,1,2,4) (1,2) (2,5) (0,1) (0,3,4,5) (1,4) (0,1,3,4,5) {35,35,46,12,42,31}
[.#.#.#.] (0,2,5,6) (0,3,4) (0,1,6) (1,2,4,5,6) (2,3) {31,28,25,0,11,25,42}
[...##..#.#] (0,2,3,4,7) (0,1,3,4,5,8,9) (0,2,6,7,9) (0,1,2,3,5,6,7) (0,2,3,4,5,7,8,9) (0,1,2,7,8,9) (1,3,4,5,6,8) (1,2) (4,5,9) (0,2,3,5,8,9) {78,70,75,74,49,71,34,50,79,65}
[#...#.] (0,1,3,5) (1,2,4,5) (2,4) (0,4) (1,2,4) (0,1,3) {37,54,37,32,42,18}
[.##.##.] (1,6) (0,2,3,4,6) (0,2,3,4,5) (0,3,6) (0,1,3,4,5) {188,13,157,188,169,21,168}
[.#.......] (0,1,2,4,5,6) (2,3,4,6,7,8) (1,2,3,4,6,7,8) (0,7,8) (3,7) (0,1,3,5,8) (0,3,4,5,6,7) {32,25,15,40,23,28,23,30,27}
[..#...#.#.] (0,2,3,4,6,7,8,9) (6,8,9) (0,3,5,7) (1,7,8) (1,2,4,5,7,8,9) (3,7,8) (0,1,2,3,6) (0,1,4,6,7,8,9) (1,2,4,5,6,7,8) (1,2,5,6,7,8,9) {46,68,54,32,58,51,68,92,94,71}
[######.#] (0,1,2,4,6,7) (5,7) (1,4,7) (2,4) (2,4,5,6,7) (0,1,2,4,5,7) (0,5,6) (0,2,5,7) (2,4,5,7) (2,3,6) {52,171,91,11,211,77,44,217}
[.####.##.] (0,3,5,6,7,8) (0,1,3,5,6,7,8) (0,1,5,7,8) (0,1,2,5,6) (1,6,7) (2,3,4,5,6) (1,5) (0,3,4,5,7) (0,1,3,4,5,7,8) (2,5,7,8) {250,241,20,244,206,283,56,249,243}
[.##..#####] (0,1,2,3,5) (0,1,4,7) (1,2,3,5,6,7,8,9) (0,4,6,9) (0,2,3,4,5,6,7,8) (0,2,3,7,9) (0,1,2,6,7,9) (1,2,3,5,6,8,9) (4,6,9) (1,2,5,6,7,8,9) {76,74,92,73,42,69,74,72,51,76}
[#.#.] (1) (2,3) (0,2,3) (1,3) (0,1,3) (2) {20,38,41,57}
[#.#...] (0,2,3,5) (0,3,4,5) (1,3) (1,2,4,5) (1,2,3,4) {25,25,33,42,38,33}
[.#.###.] (0,1,3,5,6) (0,5) (2,3,5,6) (0,1,2,3) (0,1,2,5) (0,6) (0,4,5) (1,3,4,6) {64,29,214,212,18,223,204}
[..#..#.#..] (3,4) (1,2,5,8,9) (0,1,4,6,7) (1,2,5,6,7,8,9) (0,1,3,4,7,8,9) (2,5,7) (1,3,5,6) (8,9) (3,5,6,7) (3) (0,1,2,3,4,5,6,7,8) (1,3,9) {34,67,49,80,41,60,40,63,46,43}
[.#..##.#..] (2,7) (0,3,4,9) (2,9) (0,1,3,8,9) (8) (1,7) (0,1,4) (0,1,2,5,6,7,8) (3,4,5,7,8,9) (1,4,7,9) (5,8) (1,2,3,4,5,6,7,8) (0,1,6,7) {193,202,14,207,41,30,14,51,208,209}
[##....#] (1,2,3,4,5,6) (0,1,2,3,5,6) (0,1,2,3) (1,2,4,5,6) (0,1,2,5) (0,1,3,5) {39,58,48,37,19,39,27}
[......##.] (4,5,6) (0,3,5,6,8) (1,4,6,8) (2,5,6,7) (0,7) (0,2,7) (1,3,6,8) (1,2,3,4,6,8) (0,1,3,6,7) (0,1,2,4,8) {49,33,25,35,29,35,65,43,36}
[#..#] (0,3) (2,3) (1) {2,9,2,4}
[###.###.##] (1,8) (3,4,5,8,9) (1,2,5,7,9) (0,9) (0,2,6,8) (1,2,3,4,5,6) (0,1,2,3,4,5,7,9) (0,1,6,9) (0,1,2,4,5,7,8) (4,9) (0,3,5,6,9) (1,2,3,4,6,7,8,9) {67,72,64,62,67,60,44,47,73,81}
[#.#.] (0,1) (1,2) (0,1,3) {13,30,17,6}
[###..#.#] (5,7) (0,2,3,4,5,6,7) (1,3,7) (2,3,5,7) (0,2,3,7) (0,1,4,5,6) {23,16,20,32,16,17,16,32}
[...#...#.] (0,4,7) (1,4,6) (1,3,5,7) (3,4) (0,1,2,3,7,8) (0,1,2,4,5,7,8) (0,3) (0,1,2,3,5,8) (5,6) (2,8) {27,36,23,25,32,44,31,32,23}
[#.#..###.#] (1,7,8,9) (0,2,4,6,7,8,9) (0,1,2,4,6,8) (4,6) (0,3,6,9) (0,1,3,4,6,7,8) (0,1,2,9) (1,2,3,5,6,7,9) (0,1,2,3,4,9) (2,5,8) (1,5,7,9) {79,90,91,55,59,49,69,47,51,86}
[....###] (2,3,4,6) (0,1,3,6) (1,2,3,4,5) (0,1,2,3,4,5) (0,1,2,5) (1,2,4,5) (1,2,3,4,6) (0,1,3,4,5) {51,58,34,60,47,45,19}
[###..] (1,2,3) (0,2,3,4) (1,3,4) (0,1,2) {20,30,31,48,37}
[...#] (1,2) (0,1,3) (1,3) (1,2,3) {5,196,16,191}
[###.####..] (3,4,6,7,8) (0,1,2,4,7,9) (3,6) (0,1,2,3,6,8,9) (3,5) (0,1,6) (4,5) (2,3,7,9) (5) (0,1,4,6,7,8,9) (0,1,2,3,4,5,8,9) {46,46,31,64,37,53,48,22,31,34}
[#.###.] (1,3,5) (1) (2,5) (0,2,3,4,5) (0,1,4,5) (0,1) (4) {42,51,28,21,43,57}
[.#..#.##.] (0,2,3,8) (0,1,3,4) (2,8) (1,3,6,7,8) (1,5,7) (0,6) (0,1,2,4,5,7) (0,2,7) (4,5,6,7) (3,5,6,7) (1,2,6,8) {35,32,171,40,24,32,62,50,182}
[##.####.] (1,3) (0,1,2,3,5) (1,3,4,7) (0,6,7) (2,3,4,6) (0,2,5,6,7) (4,7) (1,2,4,5) (0,1,4,6) (2,4) {53,35,47,25,46,21,59,35}
[##.#] (1,2,3) (0,2) (1,3) (2) (1) {15,53,53,38}
[##.##....] (0,1,2,3,4,7,8) (0,1,2,4,6,7,8) (1,3) (0,1,2,3,6) (3,6,7,8) (0,1,3,4,5,6,7,8) (0,1,2,5,6) (0,1,2,3,5,7,8) {232,246,228,250,32,194,38,234,234}
[#..#.###] (0,1) (4,5,7) (1,3,7) (2,4) (0,2,5,7) (0,1,2,4,6) (0,4,5) (0,5) {169,32,14,17,27,164,12,28}
[#.###.] (0,2,3,5) (0,3,5) (0,1,2,3,5) (0,4) (0,5) (1) {233,8,9,18,15,218}
[#...##] (0,3,4,5) (1,2,4,5) (0,2,4) (1,2,3,4,5) {31,25,42,33,56,39}
[.###..#] (1,2,4,6) (2,6) (0,3) (0,1,3,4,5) (1,2,5) (0,2,3,4,6) (0,1,2,6) {38,58,48,19,31,27,39}
[###..##.] (1,2,3,4,5) (1,3,5,7) (0,2,3,4) (0,1,2,5,6) (0,1,2) (1,2,3,4,5,6) {44,61,73,49,45,43,24,4}
[..#.#...##] (0,1,2,4,5,6,8) (1,3,4) (1,2,3,4,5,7,8,9) (6) (6,7) (2,3,4,7) (1,2,3,4,5,6,8,9) (6,8) (0,1,2) (0,1,2,3,5,6,7,9) (1,2,4,7,9) (1,2,3,4,5,6,7,8) (0,1,6,9) {35,185,192,46,176,34,45,171,35,141}
[..###] (1,2,3,4) (1,2,3) (3) (1,2) (2,3,4) (0,1,2) {0,55,69,58,30}
[.###] (0,2) (1,2,3) {7,0,7,0}
[....#.#.] (4,6) (3,5,6) (1,2,6) (0,2,6,7) (1,2,3,6,7) (1,5,7) {4,41,40,34,20,19,74,29}
[###.] (0,1,2) (1,3) {18,20,18,2}
[.###] (0,2) (0,2,3) (0,1) {172,6,166,9}
[....#] (0,2,4) (0,1,3,4) (0,1,2) (1,2,3,4) (1,4) {21,170,158,169,173}
[###.##..] (0,1,2,3,4,5) (1,2,7) (0,2,3,6,7) (6,7) (0,2,3,4,5,6,7) (0,3,5,7) (0,1,6) (0,1,2,3,5,6,7) {165,152,169,161,128,144,50,72}
[######.] (2,3,4,5) (1,2,4) (0,2,3,6) (3,4,6) (1,5) (0,2,3,5) {22,4,35,40,20,24,18}
[.#..####..] (1,4,5,7,9) (2,4,7,9) (6,9) (0,2,3,4,6,7,8) (0,1,2,3,4,5,6,7) (3,8,9) (0,1,4,5,6,7,8,9) (1,3,4,5,6,7,8,9) {31,47,39,55,71,47,52,71,46,71}
[###.] (0,1,3) (0,1,2) {9,9,2,7}
[...##] (0,2) (1,3) (0,1,3,4) (1,3,4) (0,3) {21,47,6,50,28}
[#..##] (0,1,2) (0,3,4) (1,3) (0,3) (1,2,3) {28,33,31,35,9}
[##.#..####] (4) (0,1,2,6,9) (3,8) (2,3,7) (0,1,2,3,5,9) (1,4,6,8) (2,5) (0,1,2,3,5,6,7,8,9) (0,1,7,8) {46,61,65,60,29,38,34,42,48,36}
[.##.##] (0,1,5) (1,2) (0,3,5) (0,3,4) {16,4,0,12,9,7}
[#.#....] (3) (1,4) (0,1,3,4,5,6) (0,3,4,5,6) (0,2,3,5,6) (0,2) (3,4,5,6) (0,2,6) (5) {199,21,175,47,28,50,179}
[.#.###.#.] (3,7,8) (1,2,3,4,6,7,8) (6,7,8) (1,4,5,6,8) (1,8) (0,1,2,3,7,8) (3,6) (2,4,6,8) (0,2,5,8) (0,1,2,3,5,6) (0,1,2,3,4,6) {42,51,60,55,36,29,62,36,83}
[##.######] (1,2,3,5,7,8) (0,1,3,4,5,6,7,8) (1,4) (1,3,6,8) (0,2,3,5,6) (2,3,5,6,7,8) (0,2,4,5,7) {182,69,199,66,197,213,47,208,61}
[#####.] (0,1,2,3,4) (0,2,4) (1,3,5) (0,1,2,5) {35,37,35,33,31,20}
[.##...###] (1,4,6) (0,3,4,7) (0,3,4,5,6,7) (3) (2) (0,7,8) (3,7) (0,2,4,5,8) (0,1,2,4,5,7,8) (0,3,7,8) (0,1,3,4,5,6,7) {60,33,23,53,49,25,33,61,25}
[#####.##..] (0,1,2,3,5,7,8) (0,1,4) (2,4,8,9) (1,2,3,7,8) (1,2,8,9) (0,1,4,7,8,9) (1,2,3,4,5,6,7,9) (0,2,3,4,6,8,9) (2,7) (0,2,3,4,5,6,7,9) {37,43,235,49,207,26,35,55,198,203}
[.#..#] (1,4) (0,1,2,3) (0,2,3,4) (0,3,4) {41,21,25,41,28}
[##.###.#..] (0,1,2,3,5,6,8,9) (0,3,4,8,9) (2,3,4,7,9) (1,3,4,6,7,8,9) (1,6) (0,2,5,6,7,8,9) (0,1,2,5,9) (3,6,8,9) {15,26,26,28,20,13,27,21,18,35}
[..#.#.##.] (0,2,3,4,5,6,7) (0,1,2,3,5) (0,1,4,5,6,7) (4,7,8) (0,2,5,8) (1,3,4) (0,6) (4,6,8) (1,4,5,6,7) (2,5,6,8) (1,2,5,7) {60,61,53,33,63,78,60,42,55}
[##.##.#.] (1,4,5,6) (0,1,3,4,6) (1,2,3,4,5) (2,7) (0,1,3,5,6,7) (1,4,5,6,7) (0,1,2,4,7) (1,5) {47,90,55,46,74,58,52,72}
[#.#.#.###.] (2,3,5,6,8,9) (1,2,3,7,9) (0,1,2,3,4,5,6,9) (1,6,9) (3,7) (0,2,4,7,8,9) (0,1,3,4,5,7,8,9) (5,6) {45,54,60,69,45,59,62,57,54,93}
[#.##] (2,3) (0,1) (1,3) (0,1,3) (1,2) {11,23,21,14}
[..###.####] (2,3,4,5,6,7,8,9) (0,4,5,6,8) (2,6) (0,1,2,3,4,5,6) (1,2,3,5,6,7,8) (0,1,3,4,5,6,7,8) (0,3,6,7,8) (1,2,3,5,9) {62,62,65,80,52,80,93,46,60,24}
[#.#.....] (0,1,2,3,4,6) (2,4,5) (0,2,4,5,7) (1,2,3,6,7) (0,1,2,3,5,6,7) (0,1,3,7) {35,36,50,36,31,24,31,37}
[####..#.] (1,2,5,7) (0,4) (3,6) (3) (6) (0,1,5,6,7) (5,7) (2,3,4) (1,2) (1,2,4) {31,44,44,32,39,48,34,48}
[..##...] (0,1,2,5,6) (1,2,3,4,5,6) (0,1,3,5,6) (2,3) (0,1,2,4,5,6) {37,53,41,38,20,53,53}
[###...] (0,1,4,5) (0,2,4) (1,2,4,5) (0,1,3,5) (1,5) (0,1,2,3,4) (0,1,3) (0,3,4,5) {72,66,25,57,45,49}
